910
434 294 3
294 434 3
832 0 1
0 832 1
398 294 8
294 398 8
737 0 1
0 737 1
582 0 1
0 582 1
880 436 1
436 880 1
704 0 1
0 704 1
264 2 5
2 264 5
268 2 2
2 268 2
697 294 2
294 697 2
265 2 2
2 265 2
40 0 145
0 40 145
861 0 2
0 861 2
48 0 145
0 48 145
706 0 3
0 706 3
38 0 145
0 38 145
891 2 1
2 891 1
610 0 2
0 610 2
148 0 2
0 148 2
0 13 8488
800 2 1
2 800 1
857 0 1
0 857 1
673 294 3
294 673 3
187 2 21
2 187 21
886 0 1
0 886 1
689 294 3
294 689 3
72 2 17
2 72 17
150 294 5
294 150 5
435 294 2
294 435 2
266 2 2
2 266 2
549 0 6
0 549 6
97 294 6
294 97 6
574 0 1
0 574 1
781 7 1
7 781 1
188 0 6
0 188 6
290 2 2
2 290 2
430 436 1
436 430 1
174 436 16
436 174 16
827 0 1
0 827 1
852 0 1
0 852 1
883 2 4
2 883 4
556 436 6
436 556 6
663 0 1
0 663 1
315 2 38
2 315 38
524 436 7
436 524 7
777 0 1
0 777 1
579 0 1
0 579 1
745 436 4
436 745 4
19 0 1120
0 19 1120
568 436 6
436 568 6
425 294 4
294 425 4
211 7 23
7 211 23
262 0 4
0 262 4
286 2 4
2 286 4
825 436 4
436 825 4
660 2 3
2 660 3
532 436 2
436 532 2
627 2 1
2 627 1
756 0 2
0 756 2
822 0 2
0 822 2
55 0 11
0 55 11
619 294 2
294 619 2
246 2 6
2 246 6
136 0 2
0 136 2
53 2 5
2 53 5
47 2 4
2 47 4
30 2 11
2 30 11
520 0 9
0 520 9
226 2 8
2 226 8
5 2 18
2 5 18
236 436 20
436 236 20
557 436 14
436 557 14
274 436 12
436 274 12
202 2 16
2 202 16
860 0 1
0 860 1
88 0 1
0 88 1
292 2 6
2 292 6
763 0 1
0 763 1
442 0 9
0 442 9
476 2 1
2 476 1
523 436 8
436 523 8
408 294 3
294 408 3
469 2 3
2 469 3
317 2 53
2 317 53
628 0 1
0 628 1
819 0 2
0 819 2
171 0 2
0 171 2
643 0 4
0 643 4
73 0 4
0 73 4
27 0 9
0 27 9
169 0 11
0 169 11
378 294 31
294 378 31
48 294 2
294 48 2
504 0 4
0 504 4
40 294 4
294 40 4
143 0 3
0 143 3
436 439 514
403 294 27
294 403 27
464 436 2
436 464 2
598 0 5
0 598 5
6 0 19704
0 6 19704
690 294 2
294 690 2
591 0 5
0 591 5
573 0 6
0 573 6
533 0 6
0 533 6
774 0 3
0 774 3
250 436 2
436 250 2
198 436 3
436 198 3
501 294 7
294 501 7
719 294 2
294 719 2
669 294 3
294 669 3
236 0 23
0 236 23
722 294 2
294 722 2
557 0 10
0 557 10
20 7 471
7 20 471
457 436 2
436 457 2
438 436 780
331 294 2
294 331 2
392 294 3
294 392 3
117 2 2
2 117 2
39 0 145
0 39 145
42 0 145
0 42 145
792 2 2
2 792 2
400 294 110
294 400 110
168 294 2
294 168 2
415 294 15
294 415 15
74 294 2
294 74 2
28 7 204
7 28 204
514 436 2
436 514 2
452 436 1
436 452 1
526 0 5
0 526 5
470 436 2
436 470 2
72 0 12
0 72 12
262 294 4
294 262 4
1 0 40610
0 1 40610
347 294 6
294 347 6
743 0 2
0 743 2
815 436 1
436 815 1
413 294 11
294 413 11
805 2 1
2 805 1
824 0 2
0 824 2
192 294 14
294 192 14
784 7 1
7 784 1
22 2 34
2 22 34
769 0 2
0 769 2
846 0 2
0 846 2
502 0 2
0 502 2
530 0 6
0 530 6
647 0 1
0 647 1
277 436 3
436 277 3
391 294 4
294 391 4
79 0 21
0 79 21
604 0 1
0 604 1
515 436 2
436 515 2
41 0 145
0 41 145
779 0 1
0 779 1
768 0 1
0 768 1
459 294 3
294 459 3
806 294 2
294 806 2
785 7 1
7 785 1
683 294 2
294 683 2
103 0 16
0 103 16
89 0 22
0 89 22
807 294 2
294 807 2
8 7 1372
145 294 6
294 145 6
693 2 2
2 693 2
66 0 37
0 66 37
84 0 21
0 84 21
845 0 2
0 845 2
173 0 1
0 173 1
904 0 1
0 904 1
181 0 5
0 181 5
705 0 3
0 705 3
281 2 33
2 281 33
505 7 2
7 505 2
134 0 21
0 134 21
729 2 5
2 729 5
310 2 16
2 310 16
749 0 2
0 749 2
368 2 4
2 368 4
70 0 2
0 70 2
488 436 1
436 488 1
831 0 2
0 831 2
720 294 2
294 720 2
868 0 1
0 868 1
671 294 8
294 671 8
513 0 2
0 513 2
795 2 1
2 795 1
534 0 2
0 534 2
227 2 1
2 227 1
746 0 2
0 746 2
608 0 2
0 608 2
495 294 10
294 495 10
844 0 1
0 844 1
239 0 1
0 239 1
387 294 23
294 387 23
410 0 2
0 410 2
638 436 1
436 638 1
360 2 9
2 360 9
206 436 25
436 206 25
130 294 12
294 130 12
699 294 2
294 699 2
621 0 4
0 621 4
738 436 1
436 738 1
282 2 15
2 282 15
616 0 8
0 616 8
897 436 1
436 897 1
337 2 3
2 337 3
879 2 1
2 879 1
416 294 2
294 416 2
394 294 2
294 394 2
642 436 2
436 642 2
133 0 5
0 133 5
280 2 172
2 280 172
361 2 3
2 361 3
823 0 1
0 823 1
353 2 2
2 353 2
572 0 2
0 572 2
708 0 4
0 708 4
576 0 2
0 576 2
355 436 93
436 355 93
247 7 19
7 247 19
81 0 8
0 81 8
724 2 5
2 724 5
121 0 2
0 121 2
701 436 2
436 701 2
242 436 8
436 242 8
67 0 43
0 67 43
255 436 15
436 255 15
649 436 3
436 649 3
6 7 17270
7 6 17270
685 436 2
436 685 2
441 0 2
0 441 2
667 294 3
294 667 3
498 436 2
436 498 2
231 0 2
0 231 2
559 0 2
0 559 2
371 0 29
0 371 29
168 0 24
0 168 24
74 0 10
0 74 10
344 294 2
294 344 2
154 0 2
0 154 2
453 2 24
2 453 24
34 0 18
0 34 18
581 0 12
0 581 12
480 0 8
0 480 8
217 0 14
0 217 14
102 0 7
0 102 7
758 436 3
436 758 3
215 0 14
0 215 14
300 2 31
2 300 31
764 0 1
0 764 1
850 0 1
0 850 1
95 0 17
0 95 17
260 2 8
2 260 8
766 0 1
0 766 1
623 0 1
0 623 1
124 0 3
0 124 3
420 294 2
294 420 2
473 294 2
294 473 2
57 436 2
436 57 2
571 0 10
0 571 10
364 2 8
2 364 8
238 436 5
436 238 5
210 2 22
2 210 22
521 0 20
0 521 20
118 0 2
0 118 2
629 0 2
0 629 2
142 0 1
0 142 1
237 0 2
0 237 2
119 0 26
0 119 26
325 294 12
294 325 12
65 294 20
294 65 20
658 7 6
7 658 6
399 2 4
2 399 4
336 294 2
294 336 2
632 0 3
0 632 3
634 0 3
0 634 3
156 294 37
294 156 37
602 0 1
0 602 1
884 2 1
2 884 1
4 2 84
2 4 84
587 2 91
2 587 91
120 0 13
0 120 13
14 7 630
7 14 630
725 2 4
2 725 4
762 0 1
0 762 1
267 2 1
2 267 1
370 2 2
2 370 2
636 0 2
0 636 2
412 294 6
294 412 6
468 2 3
2 468 3
600 0 1
0 600 1
534 436 2
436 534 2
653 0 1
0 653 1
513 436 8
436 513 8
589 0 1
0 589 1
615 0 2
0 615 2
421 294 4
294 421 4
362 2 4
2 362 4
490 0 6
0 490 6
159 0 6
0 159 6
463 436 5
436 463 5
651 0 1
0 651 1
780 0 1
0 780 1
457 0 4
0 457 4
339 294 9
294 339 9
49 0 38
0 49 38
177 2 13
2 177 13
681 0 4
0 681 4
104 0 4
0 104 4
125 0 36
0 125 36
244 0 37
0 244 37
778 0 1
0 778 1
24 0 192
0 24 192
80 0 52
0 80 52
285 2 6
2 285 6
688 294 2
294 688 2
235 294 2
294 235 2
269 0 18
0 269 18
258 0 39
0 258 39
563 0 1
0 563 1
161 294 2
294 161 2
273 0 18
0 273 18
61 2 40
2 61 40
543 0 9
0 543 9
877 294 2
294 877 2
867 7 1
7 867 1
338 2 4
2 338 4
551 0 9
0 551 9
366 2 1
2 366 1
63 2 4
2 63 4
679 294 4
294 679 4
566 0 9
0 566 9
855 0 1
0 855 1
61 0 29
0 61 29
243 0 1
0 243 1
221 0 1
0 221 1
658 0 2
0 658 2
7 8 1372
295 294 12
294 295 12
548 0 16
0 548 16
754 0 1
0 754 1
63 0 695
0 63 695
625 0 2
0 625 2
92 0 3
0 92 3
218 7 15
7 218 15
854 0 1
0 854 1
702 0 5
0 702 5
474 2 2
2 474 2
541 436 1
436 541 1
156 0 32
0 156 32
903 436 1
436 903 1
111 0 3
0 111 3
401 294 10
294 401 10
65 0 34
0 65 34
518 0 2
0 518 2
680 294 2
294 680 2
326 294 2
294 326 2
490 436 7
436 490 7
849 0 1
0 849 1
483 294 43
294 483 43
528 0 2
0 528 2
96 0 7
0 96 7
350 294 2
294 350 2
77 0 1
0 77 1
3 2 64
2 3 64
31 0 24
0 31 24
843 436 2
436 843 2
143 294 11
294 143 11
329 294 11
294 329 11
393 294 6
294 393 6
786 0 2
0 786 2
654 0 2
0 654 2
714 436 2
436 714 2
719 0 1
0 719 1
348 294 29
294 348 29
45 0 1
0 45 1
687 436 2
436 687 2
721 294 2
294 721 2
78 0 6
0 78 6
889 294 2
294 889 2
793 2 4
2 793 4
201 2 28
2 201 28
224 2 31
2 224 31
127 0 34
0 127 34
481 436 2
436 481 2
670 294 4
294 670 4
595 436 1
436 595 1
668 294 2
294 668 2
246 7 40
7 246 40
53 7 72
7 53 72
47 7 71
7 47 71
300 7 42
7 300 42
260 7 16
7 260 16
160 0 1
0 160 1
649 0 4
0 649 4
817 2 1
2 817 1
24 436 5
436 24 5
472 2 6
2 472 6
858 0 1
0 858 1
238 0 5
0 238 5
205 7 44
7 205 44
767 0 2
0 767 2
69 0 5
0 69 5
107 0 6
0 107 6
68 0 71
0 68 71
222 0 12
0 222 12
601 0 4
0 601 4
597 0 4
0 597 4
214 0 16
0 214 16
454 2 6
2 454 6
426 294 7
294 426 7
477 2 1
2 477 1
681 294 2
294 681 2
30 7 41
7 30 41
183 0 6
0 183 6
226 7 62
7 226 62
172 0 2
0 172 2
324 294 31
294 324 31
134 2 1
2 134 1
91 0 14
0 91 14
83 0 16
0 83 16
710 0 2
0 710 2
230 7 28
7 230 28
85 0 14
0 85 14
176 0 2
0 176 2
278 0 3
0 278 3
189 0 1
0 189 1
294 8 540
414 294 12
294 414 12
814 2 3
2 814 3
471 294 10
294 471 10
122 0 14
0 122 14
789 0 1
0 789 1
771 0 2
0 771 2
862 0 2
0 862 2
363 2 6
2 363 6
106 0 18
0 106 18
155 0 7
0 155 7
11 2 10
2 11 10
43 0 288
0 43 288
606 0 3
0 606 3
364 7 31
7 364 31
210 7 88
7 210 88
633 0 3
0 633 3
90 0 3
0 90 3
500 0 18
0 500 18
57 0 136
0 57 136
156 2 57
2 156 57
453 7 26
7 453 26
15 0 910
0 15 910
65 2 17
2 65 17
437 436 2
436 437 2
346 294 13
294 346 13
684 436 2
436 684 2
773 0 1
0 773 1
141 0 2
0 141 2
409 294 14
294 409 14
126 0 16
0 126 16
36 7 210
7 36 210
37 7 206
7 37 206
213 436 18
436 213 18
652 436 9
436 652 9
652 0 8
0 652 8
215 436 2
436 215 2
321 294 2
294 321 2
519 436 11
436 519 11
8 2 2936
150 0 38
0 150 38
519 0 10
0 519 10
213 0 17
0 213 17
417 294 6
294 417 6
570 0 3
0 570 3
584 0 8
0 584 8
114 0 5
0 114 5
733 2 2
2 733 2
726 2 4
2 726 4
144 0 5
0 144 5
25 294 2
294 25 2
802 2 4
2 802 4
18 0 570
0 18 570
397 294 4
294 397 4
131 436 2
436 131 2
571 436 2
436 571 2
535 0 9
0 535 9
56 0 115
0 56 115
517 0 169
0 517 169
730 2 2
2 730 2
830 0 1
0 830 1
614 0 2
0 614 2
544 0 2
0 544 2
565 436 1
436 565 1
252 436 8
436 252 8
496 436 2
436 496 2
656 0 6
0 656 6
695 2 1
2 695 1
492 0 8
0 492 8
799 2 4
2 799 4
540 0 4
0 540 4
821 294 1
294 821 1
51 0 12
0 51 12
881 294 1
294 881 1
318 2 4
2 318 4
34 436 2
436 34 2
480 436 2
436 480 2
217 436 2
436 217 2
484 294 2
294 484 2
59 0 22
0 59 22
64 0 9
0 64 9
545 436 9
436 545 9
322 294 16
294 322 16
314 2 14
2 314 14
9 2 15
2 9 15
791 2 1
2 791 1
715 0 3
0 715 3
661 2 1
2 661 1
567 0 1
0 567 1
274 0 12
0 274 12
335 294 14
294 335 14
8 294 540
503 0 4
0 503 4
456 2 5
2 456 5
306 2 13
2 306 13
222 436 4
436 222 4
810 294 2
294 810 2
837 7 4
7 837 4
597 436 2
436 597 2
214 436 2
436 214 2
340 294 3
294 340 3
2 8 2936
645 7 1
7 645 1
624 0 4
0 624 4
332 0 3
0 332 3
334 294 32
294 334 32
329 436 2
436 329 2
537 436 1
436 537 1
151 0 2
0 151 2
631 0 2
0 631 2
637 0 2
0 637 2
223 436 9
436 223 9
642 0 1
0 642 1
389 0 6
0 389 6
98 0 8
0 98 8
58 0 21
0 58 21
115 0 14
0 115 14
555 0 2
0 555 2
355 2 13
2 355 13
627 0 1
0 627 1
175 0 3
0 175 3
445 436 10
436 445 10
485 294 35
294 485 35
503 436 2
436 503 2
578 0 1
0 578 1
388 294 17
294 388 17
354 2 4
2 354 4
145 2 11
2 145 11
890 2 1
2 890 1
165 0 3
0 165 3
178 0 17
0 178 17
878 436 1
436 878 1
93 0 28
0 93 28
545 0 5
0 545 5
158 436 18
436 158 18
252 0 5
0 252 5
180 294 23
294 180 23
565 0 4
0 565 4
61 294 27
294 61 27
496 0 9
0 496 9
707 436 4
436 707 4
177 0 4
0 177 4
674 294 4
294 674 4
139 0 73
0 139 73
229 7 2
7 229 2
232 0 33
0 232 33
138 0 4
0 138 4
622 0 4
0 622 4
419 294 7
294 419 7
451 436 10
436 451 10
479 436 2
436 479 2
206 0 10
0 206 10
381 294 6
294 381 6
638 0 2
0 638 2
533 436 11
436 533 11
316 2 64
2 316 64
442 436 24
436 442 24
826 0 1
0 826 1
539 0 1
0 539 1
577 0 2
0 577 2
123 2 59
2 123 59
151 294 28
294 151 28
560 7 10
7 560 10
458 294 2
294 458 2
44 0 302
0 44 302
613 0 1
0 613 1
841 0 1
0 841 1
741 0 1
0 741 1
430 294 4
294 430 4
599 0 1
0 599 1
110 0 1
0 110 1
431 294 2
294 431 2
323 0 2
0 323 2
898 0 1
0 898 1
873 2 1
2 873 1
635 0 2
0 635 2
742 0 1
0 742 1
22 294 7
294 22 7
190 0 2
0 190 2
191 294 4
294 191 4
432 294 9
294 432 9
797 294 4
294 797 4
423 294 2
294 423 2
694 436 1
436 694 1
406 2 1
2 406 1
128 0 6
0 128 6
266 0 27
0 266 27
536 0 1
0 536 1
23 0 696
0 23 696
133 294 4
294 133 4
511 0 16
0 511 16
263 0 16
0 263 16
558 7 2
7 558 2
612 0 2
0 612 2
816 0 2
0 816 2
801 0 1
0 801 1
646 0 1
0 646 1
308 2 14
2 308 14
164 0 65
0 164 65
343 294 5
294 343 5
223 0 11
0 223 11
365 2 1
2 365 1
905 0 1
0 905 1
757 0 1
0 757 1
717 294 7
294 717 7
899 7 2
7 899 2
747 0 1
0 747 1
564 7 14
7 564 14
101 0 3
0 101 3
735 2 1
2 735 1
853 0 1
0 853 1
123 294 17
294 123 17
219 0 18
0 219 18
900 0 1
0 900 1
869 0 1
0 869 1
268 294 21
294 268 21
265 294 21
294 265 21
522 0 2
0 522 2
264 294 2
294 264 2
113 0 36
0 113 36
195 0 36
0 195 36
21 0 286
0 21 286
99 0 36
0 99 36
220 0 1
0 220 1
167 0 22
0 167 22
871 0 2
0 871 2
739 0 1
0 739 1
553 0 1
0 553 1
759 0 1
0 759 1
12 7 623
7 12 623
108 0 2
0 108 2
153 0 3
0 153 3
25 0 64
0 25 64
370 0 27
0 370 27
267 0 27
0 267 27
261 7 2
7 261 2
578 7 1
7 578 1
296 294 10
294 296 10
648 7 1
7 648 1
429 294 2
294 429 2
685 0 1
0 685 1
204 7 13
7 204 13
475 2 2
2 475 2
592 0 1
0 592 1
682 294 5
294 682 5
466 2 3
2 466 3
835 0 1
0 835 1
876 0 1
0 876 1
100 0 36
0 100 36
1 436 4
436 1 4
323 294 7
294 323 7
147 294 465
760 0 1
0 760 1
257 0 1
0 257 1
303 2 6
2 303 6
887 0 1
0 887 1
263 436 2
436 263 2
399 294 52
294 399 52
511 436 10
436 511 10
71 0 2
0 71 2
666 294 1
294 666 1
26 0 6
0 26 6
586 2 15
2 586 15
293 2 50
2 293 50
659 0 2
0 659 2
803 2 1
2 803 1
896 436 1
436 896 1
17 0 91
0 17 91
358 2 9
2 358 9
302 2 32
2 302 32
607 0 6
0 607 6
75 0 20
0 75 20
740 0 6
0 740 6
665 294 2
294 665 2
357 2 9
2 357 9
373 294 12
294 373 12
174 0 13
0 174 13
882 2 2
2 882 2
312 2 5
2 312 5
158 0 29
0 158 29
385 294 8
294 385 8
696 2 1
2 696 1
804 2 4
2 804 4
97 0 2
0 97 2
875 294 1
294 875 1
196 0 36
0 196 36
256 0 36
0 256 36
284 2 75
2 284 75
872 0 1
0 872 1
279 0 1
0 279 1
289 2 11
2 289 11
124 436 5
436 124 5
291 2 2
2 291 2
901 0 1
0 901 1
692 2 2
2 692 2
418 294 4
294 418 4
755 0 2
0 755 2
510 0 4
0 510 4
255 0 9
0 255 9
242 0 8
0 242 8
838 0 3
0 838 3
580 436 2
436 580 2
664 294 5
294 664 5
129 0 12
0 129 12
531 0 5
0 531 5
62 0 219
0 62 219
783 7 1
7 783 1
596 436 2
436 596 2
341 294 2
294 341 2
482 436 4
436 482 4
132 0 1
0 132 1
275 2 16
2 275 16
33 2 40
2 33 40
655 0 1
0 655 1
796 294 2
294 796 2
617 0 3
0 617 3
641 0 5
0 641 5
848 0 1
0 848 1
552 7 10
7 552 10
509 436 4
436 509 4
711 436 2
436 711 2
42 2 11
2 42 11
39 2 13
2 39 13
161 0 26
0 161 26
162 0 4
0 162 4
713 436 2
436 713 2
761 7 2
7 761 2
707 0 4
0 707 4
561 0 4
0 561 4
276 0 1
0 276 1
60 436 4
436 60 4
750 0 1
0 750 1
834 0 1
0 834 1
703 0 1
0 703 1
277 0 6
0 277 6
866 0 1
0 866 1
182 0 25
0 182 25
512 436 4
436 512 4
839 436 2
436 839 2
507 0 1
0 507 1
146 0 13
0 146 13
382 294 17
294 382 17
131 0 14
0 131 14
865 0 1
0 865 1
313 294 3
294 313 3
294 147 465
894 436 1
436 894 1
87 0 12
0 87 12
109 0 4
0 109 4
147 0 735
22 0 613
0 22 613
157 7 32
7 157 32
593 0 1
0 593 1
864 0 1
0 864 1
383 294 12
294 383 12
788 0 1
0 788 1
636 2 1
2 636 1
448 294 19
294 448 19
450 436 3
436 450 3
152 0 4
0 152 4
207 0 4
0 207 4
525 0 1
0 525 1
402 294 19
294 402 19
140 0 3
0 140 3
235 0 11
0 235 11
411 294 12
294 411 12
444 294 3
294 444 3
828 0 1
0 828 1
907 0 1
0 907 1
562 0 1
0 562 1
406 294 4
294 406 4
794 294 4
294 794 4
851 0 1
0 851 1
41 2 6
2 41 6
583 0 1
0 583 1
320 294 6
294 320 6
278 294 43
294 278 43
449 436 4
436 449 4
208 0 41
0 208 41
375 294 2
294 375 2
277 2 5
2 277 5
428 294 6
294 428 6
369 0 1
0 369 1
440 436 62
436 440 62
446 294 3
294 446 3
372 0 30
0 372 30
902 0 1
0 902 1
493 2 1
2 493 1
377 0 4
0 377 4
524 0 3
0 524 3
209 0 3
0 209 3
494 294 5
294 494 5
745 0 2
0 745 2
288 2 5
2 288 5
906 0 1
0 906 1
712 0 1
0 712 1
744 0 1
0 744 1
556 0 3
0 556 3
374 294 5
294 374 5
594 0 1
0 594 1
38 2 12
2 38 12
568 0 3
0 568 3
609 0 1
0 609 1
40 2 17
2 40 17
575 0 4
0 575 4
48 2 15
2 48 15
227 7 1
7 227 1
554 2 21
2 554 21
200 7 1
7 200 1
254 2 21
2 254 21
110 2 4
2 110 4
253 0 3
0 253 3
72 436 69
436 72 69
413 0 4
0 413 4
404 294 12
294 404 12
179 0 16
0 179 16
405 294 10
294 405 10
268 0 27
0 268 27
532 0 4
0 532 4
265 0 27
0 265 27
72 294 2
294 72 2
734 2 2
2 734 2
863 0 1
0 863 1
264 0 27
0 264 27
333 294 10
294 333 10
131 2 6
2 131 6
523 0 14
0 523 14
686 436 2
436 686 2
893 0 2
0 893 2
259 0 2
0 259 2
752 0 1
0 752 1
640 0 2
0 640 2
603 0 4
0 603 4
516 0 9
0 516 9
180 436 6
436 180 6
122 294 2
294 122 2
328 294 33
294 328 33
630 0 2
0 630 2
359 2 3
2 359 3
772 0 3
0 772 3
298 294 6
294 298 6
478 2 2
2 478 2
45 7 17
7 45 17
203 436 4
436 203 4
808 2 1
2 808 1
301 2 27
2 301 27
386 294 4
294 386 4
467 2 5
2 467 5
698 294 2
294 698 2
482 0 2
0 482 2
829 0 4
0 829 4
234 7 8
7 234 8
149 2 18
2 149 18
390 294 3
294 390 3
405 2 1
2 405 1
35 436 2
436 35 2
751 436 2
436 751 2
546 0 1
0 546 1
753 0 1
0 753 1
662 2 1
2 662 1
818 0 1
0 818 1
460 436 4
436 460 4
709 0 1
0 709 1
345 294 2
294 345 2
130 0 3
0 130 3
460 0 2
0 460 2
529 0 18
0 529 18
46 0 57
0 46 57
170 0 9
0 170 9
216 0 18
0 216 18
16 0 18
0 16 18
732 2 2
2 732 2
422 294 13
294 422 13
170 2 20
2 170 20
354 0 5
0 354 5
145 0 5
0 145 5
770 0 1
0 770 1
135 0 17
0 135 17
163 0 1
0 163 1
203 0 4
0 203 4
723 294 2
294 723 2
677 294 6
294 677 6
332 294 4
294 332 4
59 294 63
294 59 63
716 0 3
0 716 3
64 294 34
294 64 34
820 0 1
0 820 1
439 436 514
691 2 4
2 691 4
506 7 12
7 506 12
407 294 4
294 407 4
775 0 3
0 775 3
508 436 4
436 508 4
711 0 2
0 711 2
105 0 6
0 105 6
487 294 2
294 487 2
874 2 1
2 874 1
512 0 6
0 512 6
98 294 15
294 98 15
235 436 10
436 235 10
58 294 49
294 58 49
327 294 2
294 327 2
115 294 19
294 115 19
895 0 1
0 895 1
836 0 1
0 836 1
441 436 4
436 441 4
185 0 8
0 185 8
234 0 3
0 234 3
736 2 1
2 736 1
720 0 1
0 720 1
870 0 2
0 870 2
319 0 39
0 319 39
491 0 1
0 491 1
82 0 6
0 82 6
748 0 3
0 748 3
611 0 3
0 611 3
626 0 3
0 626 3
29 436 26
436 29 26
909 0 1
0 909 1
765 0 1
0 765 1
76 0 19
0 76 19
305 2 11
2 305 11
351 2 5
2 351 5
193 0 1
0 193 1
137 0 17
0 137 17
309 2 4
2 309 4
620 0 3
0 620 3
355 0 10
0 355 10
299 294 2
294 299 2
455 294 2
294 455 2
885 2 1
2 885 1
278 2 13
2 278 13
489 2 1
2 489 1
443 436 4
436 443 4
330 294 3
294 330 3
32 0 24
0 32 24
644 0 4
0 644 4
196 2 3
2 196 3
650 0 9
0 650 9
251 0 10
0 251 10
135 294 44
294 135 44
112 0 9
0 112 9
137 294 8
294 137 8
427 294 7
294 427 7
163 294 33
294 163 33
426 0 8
0 426 8
569 0 1
0 569 1
908 0 1
0 908 1
116 0 6
0 116 6
813 436 1
436 813 1
809 436 2
436 809 2
465 2 7
2 465 7
718 294 11
294 718 11
436 438 780
481 0 1
0 481 1
135 436 1
436 135 1
123 0 17
0 123 17
595 0 3
0 595 3
657 7 2
7 657 2
678 294 3
294 678 3
74 2 8
2 74 8
168 2 20
2 168 20
354 436 10
436 354 10
790 0 1
0 790 1
462 436 17
436 462 17
847 0 1
0 847 1
727 2 3
2 727 3
54 0 14
0 54 14
194 0 3
0 194 3
145 436 16
436 145 16
98 2 13
2 98 13
58 2 77
2 58 77
812 436 2
436 812 2
115 2 34
2 115 34
269 294 34
294 269 34
639 0 1
0 639 1
798 2 1
2 798 1
110 294 2
294 110 2
389 2 12
2 389 12
307 2 13
2 307 13
418 0 1
0 418 1
100 2 3
2 100 3
270 0 125
0 270 125
191 0 46
0 191 46
304 2 17
2 304 17
251 436 6
436 251 6
856 0 1
0 856 1
248 0 1
0 248 1
700 2 1
2 700 1
842 0 1
0 842 1
27 294 39
294 27 39
433 294 34
294 433 34
461 294 13
294 461 13
396 294 58
294 396 58
245 0 9
0 245 9
675 294 6
294 675 6
197 0 2
0 197 2
728 2 4
2 728 4
311 2 3
2 311 3
192 0 1
0 192 1
547 0 2
0 547 2
60 0 93
0 60 93
776 0 1
0 776 1
888 2 2
2 888 2
384 0 33
0 384 33
271 7 5
7 271 5
176 294 26
294 176 26
447 436 6
436 447 6
395 294 12
294 395 12
486 294 38
294 486 38
240 0 36
0 240 36
497 0 21
0 497 21
605 0 2
0 605 2
380 294 6
294 380 6
50 0 29
0 50 29
283 2 7
2 283 7
186 0 25
0 186 25
59 2 117
2 59 117
233 7 27
7 233 27
64 2 6
2 64 6
272 0 19
0 272 19
249 0 45
0 249 45
39 294 4
294 39 4
332 2 5
2 332 5
588 0 18
0 588 18
782 7 1
7 782 1
499 0 51
0 499 51
287 2 2
2 287 2
241 0 6
0 241 6
585 0 13
0 585 13
99 2 1
2 99 1
892 2 1
2 892 1
195 2 5
2 195 5
676 294 3
294 676 3
833 0 1
0 833 1
619 0 2
0 619 2
379 294 12
294 379 12
731 2 2
2 731 2
367 2 3
2 367 3
166 0 2
0 166 2
859 0 2
0 859 2
787 7 1
7 787 1
250 0 23
0 250 23
198 0 30
0 198 30
504 436 4
436 504 4
180 0 3
0 180 3
225 0 32
0 225 32
840 7 3
7 840 3
52 0 46
0 52 46
573 436 2
436 573 2
228 0 21
0 228 21
591 436 2
436 591 2
199 0 13
0 199 13
10 2 95
2 10 95
455 2 5
2 455 5
342 294 6
294 342 6
550 0 4
0 550 4
590 0 5
0 590 5
356 2 39
2 356 39
137 2 4
2 137 4
376 294 27
294 376 27
117 0 12
0 117 12
0 147 735
424 294 46
294 424 46
184 0 3
0 184 3
212 0 42
0 212 42
349 294 4
294 349 4
86 0 5
0 86 5
29 0 32
0 29 32
527 0 5
0 527 5
542 0 6
0 542 6
94 0 4
0 94 4
35 0 4
0 35 4
117 294 7
294 117 7
13 0 8488
149 0 2
0 149 2
811 436 2
436 811 2
410 294 77
294 410 77
538 436 3
436 538 3
672 294 8
294 672 8
618 0 1
0 618 1
297 294 27
294 297 27
352 2 2
2 352 2
